n_side   =   10
n_steps  =   20
n_bin    =   10
n_heat   =   2000
n_sweep  =   1000
T_min    = 0.1,    T_max = 4.1,   steps = 80
h_min    = 0.2,    T_max = 3.1,   steps = 80
J        =   1.0
T = 0.1       h = 0.2      mean_flux = 0.9960000000000001
T = 0.1       h = 0.2367088607594937      mean_flux = 0.968
T = 0.1       h = 0.27341772151898736      mean_flux = 0.968
T = 0.1       h = 0.31012658227848106      mean_flux = 0.952
T = 0.1       h = 0.3468354430379747      mean_flux = 0.9359999999999999
T = 0.1       h = 0.3835443037974684      mean_flux = 0.9359999999999999
T = 0.1       h = 0.42025316455696204      mean_flux = 0.7319999999999999
T = 0.1       h = 0.4569620253164557      mean_flux = 0.6119999999999999
T = 0.1       h = 0.4936708860759494      mean_flux = 0.5960000000000001
T = 0.1       h = 0.5303797468354431      mean_flux = 0.5439999999999999
