n_side   =   10
dtau     =   0.1
n_bin    =   10
n_heat   =   2000
n_sweep  =   1000
T_min    = 0.1,    T_max = 4.1,   steps = 80
h_min    = 0.2,    T_max = 3.1,   steps = 80
J        =   1.0
T = 0.1       h = 0.2      mean_flux = 0.9879999999999999
T = 0.1       h = 0.2367088607594937      mean_flux = 0.984
T = 0.1       h = 0.27341772151898736      mean_flux = 0.9800000000000001
